==============================================================================
Two-arm second-moment analysis: Qwen/Qwen3.5-9B  prompts=25  probes/prompt=64  arms=J+R  cross=True  layers=0..29 (30)
==============================================================================

Consistency (mean over prompts of probe gradient vs lens Mbar^T r, per shared probe).
cos~1 and ratio~1 mean the lens describes this machine's backward for that arm;
only then is that arm's G = S - Mbar^T Mbar meaningful.
layer   J_cos  J_ratio   R_cos  R_ratio
    0   0.954    0.988   0.984    1.002
    1   0.952    0.999   0.985    1.003
    2   0.967    1.003   0.988    1.004
    3   0.981    0.997   0.992    1.000
    4   0.988    0.996   0.994    0.999
    5   0.992    0.995   0.995    0.998
    6   0.986    0.995   0.995    0.996
    7   0.988    0.995   0.996    0.995
    8   0.990    0.995   0.996    0.994
    9   0.992    0.994   0.997    0.992
   10   0.993    0.993   0.998    0.992
   11   0.994    0.993   0.998    0.992
   12   0.995    0.993   0.998    0.992
   13   0.995    0.994   0.998    0.992
   14   0.996    0.994   0.999    0.992
   15   0.996    0.994   0.999    0.992
   16   0.997    0.995   0.999    0.993
   17   0.997    0.995   0.999    0.994
   18   0.998    0.997   0.999    0.994
   19   0.998    0.997   0.999    0.995
   20   0.999    0.998   0.999    0.996
   21   0.999    0.997   1.000    0.996
   22   0.999    0.997   1.000    0.996
   23   0.999    0.999   1.000    0.998
   24   0.999    0.999   1.000    0.998
   25   1.000    0.999   1.000    0.999
   26   1.000    0.999   1.000    0.999
   27   1.000    1.000   1.000    1.000
   28   1.000    1.000   1.000    1.000
   29   1.000    1.000   1.000    1.000

Per-arm decomposition: total = trace(S), invariant = trace(Mbar^T Mbar),
gated_frac = 1 - invariant/total (context-dependent share of transport for that arm),
neg_mass = |negative eigenvalue mass of G| / trace(G+), an estimator-mismatch symptom.
Absolute totals are NOT comparable across arms (RelP rescales gradients); fractions are.
layer  arm        total    invariant  gated_frac  neg_mass   top eig S   top eig G
    0    J    1.671e+07     3.78e+04       0.998    -0.000   3.406e+05   3.404e+05
    0    R    7.705e+05    1.101e+04       0.986    -0.000   1.969e+04   1.932e+04
    1    J    7.632e+06    1.896e+04       0.998    -0.000   1.981e+05    1.98e+05
    1    R    5.097e+05         9522       0.981    -0.000   1.519e+04   1.498e+04
    2    J    3.769e+06    1.526e+04       0.996    -0.000   8.975e+04   8.974e+04
    2    R    3.107e+05         8645       0.972    -0.000   1.358e+04   1.341e+04
    3    J    1.973e+06    1.215e+04       0.994    -0.000   3.362e+04   3.362e+04
    3    R    1.987e+05         6726       0.966    -0.000        4069        3930
    4    J    1.082e+06    1.095e+04       0.990    -0.000   1.828e+04   1.828e+04
    4    R    1.468e+05         6368       0.957    -0.000        2492        2214
    5    J    6.212e+05     1.06e+04       0.983    -0.000        8882        8879
    5    R    1.167e+05         6638       0.943    -0.000        2289        2009
    6    J    3.532e+05         3184       0.991    -0.000        3311        3308
    6    R    7.891e+04         3732       0.953    -0.000       871.3       753.5
    7    J    2.816e+05         3368       0.988    -0.000        2356        2350
    7    R    7.424e+04         4040       0.946    -0.000       788.2       683.2
    8    J    2.425e+05         3621       0.985    -0.000        2029        2024
    8    R    7.087e+04         4529       0.936     0.000       752.6         656
    9    J    1.936e+05         3971       0.979    -0.000        1664        1659
    9    R    6.449e+04         5087       0.921     0.000       692.4       582.8
   10    J    1.596e+05         4081       0.974    -0.000        1443        1439
   10    R    5.912e+04         5385       0.909     0.000       613.7       512.3
   11    J    1.384e+05         4579       0.967    -0.000        1106        1102
   11    R    5.592e+04         6083       0.891     0.000       597.4       494.2
   12    J    1.231e+05         4742       0.961    -0.000        1019        1016
   12    R     5.23e+04         6400       0.878     0.000       614.6       501.9
   13    J    1.087e+05         5167       0.952    -0.000        1036        1032
   13    R     4.89e+04         6969       0.857     0.000       624.3       501.9
   14    J    9.687e+04         5446       0.944    -0.000       961.4       926.4
   14    R     4.59e+04         7254       0.842     0.000         590       483.6
   15    J     8.38e+04         5892       0.930    -0.000         824       779.7
   15    R    4.344e+04         7632       0.824     0.001       574.4       498.8
   16    J    6.595e+04         5677       0.914     0.000       496.2         491
   16    R    3.558e+04         7337       0.794     0.002       480.1       408.2
   17    J    5.462e+04         5807       0.894     0.000         436       431.6
   17    R    3.126e+04         7374       0.764     0.007       405.8       353.5
   18    J    3.872e+04         5091       0.869     0.000       384.2       381.4
   18    R    2.386e+04         6608       0.723     0.016       293.4       286.4
   19    J    2.959e+04         4800       0.838     0.000       280.3       278.5
   19    R    1.892e+04         5929       0.687     0.034       228.5       224.3
   20    J    2.469e+04         5145       0.792     0.001         236       234.5
   20    R    1.623e+04         6006       0.630     0.068       198.8       195.9
   21    J    2.156e+04         5381       0.750     0.006       208.5       207.2
   21    R    1.504e+04         6084       0.595     0.104       179.8       177.5
   22    J    1.952e+04         5760       0.705     0.020       193.5       192.3
   22    R    1.382e+04         6060       0.561     0.149         170       168.6
   23    J     1.64e+04         5725       0.651     0.044       162.8       161.7
   23    R    1.186e+04         5828       0.509     0.211       145.5       144.3
   24    J    1.441e+04         5818       0.596     0.087       158.3       157.2
   24    R    1.087e+04         5792       0.467     0.273       142.6       141.5
   25    J    1.302e+04         5892       0.547     0.147       151.6       150.5
   25    R    1.018e+04         5745       0.436     0.325         138         137
   26    J    1.182e+04         5949       0.497     0.227       158.9       157.9
   26    R         9649         5698       0.409     0.372       140.2       139.1
   27    J         8290         5591       0.326     0.461       101.4       99.54
   27    R         7074         5365       0.242     0.612       96.03       94.35
   28    J         6621         5032       0.240     0.612       89.65       88.08
   28    R         5952         4883       0.180     0.717       86.29       84.84
   29    J         5367         4616       0.140     0.780       80.06       78.76
   29    R         5082         4541       0.106     0.836       78.48       77.24

Top-64 placement of each arm's own mean map: Mbar's top right singular vectors inside
S's top eigenspace (should be high) and inside G's (low; G finding new directions).
layer   J in S   J in G   R in S   R in G
    0    0.099    0.097    0.226    0.211
    1    0.107    0.106    0.269    0.253
    2    0.122    0.112    0.312    0.293
    3    0.089    0.083    0.328    0.302
    4    0.152    0.128    0.365    0.321
    5    0.371    0.324    0.440    0.379
    6    0.107    0.096    0.350    0.308
    7    0.148    0.133    0.358    0.312
    8    0.187    0.167    0.396    0.341
    9    0.248    0.219    0.447    0.383
   10    0.282    0.248    0.458    0.388
   11    0.346    0.304    0.487    0.417
   12    0.371    0.314    0.477    0.398
   13    0.385    0.330    0.476    0.399
   14    0.391    0.334    0.478    0.404
   15    0.421    0.364    0.480    0.405
   16    0.418    0.350    0.419    0.336
   17    0.428    0.366    0.421    0.337
   18    0.378    0.304    0.417    0.310
   19    0.279    0.224    0.344    0.275
   20    0.246    0.183    0.257    0.183
   21    0.209    0.149    0.267    0.190
   22    0.196    0.141    0.247    0.176
   23    0.158    0.115    0.176    0.127
   24    0.149    0.101    0.167    0.114
   25    0.152    0.104    0.168    0.115
   26    0.159    0.106    0.173    0.117
   27    0.186    0.123    0.191    0.126
   28    0.222    0.143    0.220    0.141
   29    0.190    0.115    0.179    0.110

Cross-arm geometry (all scale-free; both maps read the same source space).
  mean_cos    Frobenius cosine of Jbar vs Rbar (do the mean maps agree at all)
  ov(J,R)     top-64 right-singular subspace overlap of the two mean maps
  R_in_GJ     Rbar's top directions inside G_J's top eigenspace: does the relevance
              mean recover channels that were pure context-variance for the gradient
  ov(GJ,GR)   do the two arms agree on WHICH directions are gated
layer  mean_cos  ov(J,R)  R_in_GJ  J_in_GR ov(GJ,GR) align_tot align_gated gcorr_med       gcorr_rng
    0     0.671    0.674    0.039    0.151     0.214     0.449       0.449     0.532 [ 0.30, 0.77]
    1     0.730    0.639    0.055    0.189     0.259     0.476       0.476     0.614 [ 0.39, 0.68]
    2     0.768    0.675    0.082    0.201     0.332     0.490       0.490     0.563 [ 0.40, 0.81]
    3     0.786    0.693    0.074    0.201     0.284     0.513       0.512     0.525 [ 0.34, 0.74]
    4     0.799    0.711    0.115    0.234     0.350     0.539       0.537     0.488 [ 0.37, 0.88]
    5     0.808    0.711    0.288    0.292     0.408     0.563       0.558     0.489 [ 0.34, 0.78]
    6     0.817    0.489    0.100    0.181     0.328     0.557       0.556     0.470 [ 0.36, 0.61]
    7     0.833    0.507    0.132    0.200     0.385     0.594       0.593     0.633 [ 0.45, 0.82]
    8     0.846    0.502    0.162    0.224     0.440     0.619       0.617     0.723 [ 0.48, 0.87]
    9     0.862    0.532    0.210    0.269     0.492     0.642       0.639     0.834 [ 0.48, 0.87]
   10     0.872    0.574    0.230    0.294     0.545     0.662       0.659     0.747 [ 0.54, 0.88]
   11     0.884    0.621    0.283    0.329     0.575     0.687       0.683     0.799 [ 0.55, 0.92]
   12     0.890    0.663    0.288    0.317     0.589     0.703       0.699     0.774 [ 0.56, 0.93]
   13     0.898    0.679    0.302    0.317     0.605     0.724       0.720     0.845 [ 0.57, 0.94]
   14     0.904    0.666    0.308    0.319     0.629     0.743       0.738     0.835 [ 0.61, 0.94]
   15     0.912    0.683    0.341    0.319     0.668     0.768       0.761     0.895 [ 0.61, 0.95]
   16     0.918    0.617    0.260    0.267     0.634     0.779       0.771     0.881 [ 0.69, 0.93]
   17     0.928    0.620    0.274    0.259     0.648     0.798       0.787     0.922 [ 0.87, 0.94]
   18     0.945    0.716    0.316    0.257     0.697     0.810       0.795     0.906 [ 0.81, 0.94]
   19     0.957    0.617    0.248    0.190     0.753     0.832       0.812     0.932 [ 0.75, 0.96]
   20     0.966    0.561    0.175    0.130     0.727     0.850       0.824     0.968 [ 0.78, 0.98]
   21     0.973    0.583    0.173    0.123     0.774     0.872       0.842     0.988 [ 0.96, 0.99]
   22     0.980    0.664    0.167    0.131     0.876     0.899       0.868     0.992 [ 0.97, 0.99]
   23     0.984    0.621    0.131    0.097     0.879     0.912       0.876     0.995 [ 0.98, 1.00]
   24     0.987    0.667    0.118    0.086     0.890     0.927       0.889     0.997 [ 0.98, 1.00]
   25     0.989    0.698    0.118    0.091     0.917     0.941       0.904     0.998 [ 0.98, 1.00]
   26     0.992    0.751    0.123    0.093     0.920     0.957       0.924     0.998 [ 0.98, 1.00]
   27     0.994    0.736    0.131    0.106     0.911     0.968       0.919     0.999 [ 1.00, 1.00]
   28     0.995    0.797    0.147    0.128     0.939     0.979       0.930     1.000 [ 1.00, 1.00]
   29     0.998    0.893    0.120    0.102     0.950     0.990       0.942     1.000 [ 1.00, 1.00]

gcorr = per-direction correlation of the two arms' context fluctuations along G_J's
top 8 eigendirections. Low gcorr where gated_frac_J >> gated_frac_R means
the LRP rules discarded exactly that variance (J's noise), not shared gated signal.

Exported top-64 banks: S_bank_J, G_bank_J, S_bank_R, G_bank_R  (scanner LXX.npz format; S values are sqrt(eigenvalue), i.e. RMS gain).
